     2.995      4.202      2.287      2.894      2.748      3.389      3.408     -0.014      3.409     -0.014      0.995      0.005      1.000  1
     4.232      2.503      0.637      2.661      2.391      4.232      3.053      0.014      3.053      0.014      0.000      1.000      2.000  2
     3.389      2.684      4.261      2.929      2.727      3.445      3.058      0.013      3.053      0.014      0.013      0.987      2.000  3
     3.090      2.972      3.290      2.592      2.609      2.812      3.058      0.013      3.053      0.014      0.013      0.987      2.000  4
     2.013      2.449      2.745      2.979      1.991      2.282      3.053      0.014      3.053      0.014      0.000      1.000      2.000  5
     2.750      4.261      4.261      2.199      2.777      2.966      3.409     -0.014      3.409     -0.014      0.998      0.002      1.000  6
     3.202      4.261      4.202      2.795      4.246      4.232      3.409     -0.014      3.409     -0.014      1.000      0.000      1.000  7
     4.261      4.261      2.001      4.261      2.369      2.226      3.409     -0.014      3.409     -0.014      0.999      0.001      1.000  8
     2.740      4.246      3.088      3.107      4.261      2.979      3.409     -0.014      3.409     -0.014      1.000      0.000      1.000  9
     3.482      4.246      3.502      4.261      4.246      2.217      3.409     -0.014      3.409     -0.014      1.000      0.000      1.000 10
     4.261      4.261      3.444      3.316      3.505      4.261      3.409     -0.014      3.409     -0.014      1.000      0.000      1.000 11
     2.305      2.174      2.065      2.303      4.261      3.253      3.053      0.014      3.053      0.014      0.000      1.000      2.000 12
     2.730      2.119      2.562      4.217      2.542      4.217      3.053      0.014      3.053      0.014      0.000      1.000      2.000 13
     3.082      4.246      4.261      4.261      3.178      4.246      3.409     -0.014      3.409     -0.014      1.000      0.000      1.000 14
     2.445      2.445      2.695      2.619      3.053      2.664      3.053      0.014      3.053      0.014      0.000      1.000      2.000 15
     2.732      2.945      3.113      2.931      2.485      4.246      3.063      0.013      3.053      0.014      0.027      0.973      2.000 16
     4.261      4.232      4.187      2.510      2.978      4.246      3.409     -0.014      3.409     -0.014      1.000      0.000      1.000 17
     3.523      2.559      3.463      2.433      2.529      2.358      3.054      0.014      3.053      0.014      0.000      1.000      2.000 18
     4.246      2.557      2.545      2.488      1.676      2.829      3.053      0.014      3.053      0.014      0.000      1.000      2.000 19
     4.232      1.880      0.000      4.246      2.536      2.925      3.053      0.014      3.053      0.014      0.000      1.000      2.000 20
     1.746      0.675      0.637      3.526      1.238      1.872      3.053      0.014      3.053      0.014      0.000      1.000      2.000 21
     2.354      1.574      1.609      4.261      4.261      2.023      3.053      0.014      3.053      0.014      0.000      1.000      2.000 22
     2.816      2.816      3.226      4.232      4.246      4.246      3.214      0.001      3.053      0.014      0.450      0.550      2.000 23
     3.306      4.246      3.236      4.261      3.508      4.232      3.409     -0.014      3.409     -0.014      1.000      0.000      1.000 24
     4.261      3.405      3.004      4.246      4.232      4.246      3.407     -0.014      3.409     -0.014      0.994      0.006      1.000 25
     4.202      2.922      4.246      2.368      3.264      1.936      3.070      0.012      3.053      0.014      0.047      0.953      2.000 26
     3.372      2.090      4.232      4.246      4.246      4.261      3.057      0.013      3.053      0.014      0.011      0.989      2.000 27
     2.434      4.261      4.246      3.986      3.360      2.804      3.409     -0.014      3.409     -0.014      1.000      0.000      1.000 28
     4.217      4.232      4.232      4.217      2.695      2.765      3.409     -0.014      3.409     -0.014      1.000      0.000      1.000 29
     2.232      2.735      2.154      2.236      1.910      2.719      3.053      0.014      3.053      0.014      0.000      1.000      2.000 30
     3.471      4.261      3.082      2.986      3.017      2.634      3.409     -0.014      3.409     -0.014      0.999      0.001      1.000 31
     2.617      4.232      4.232      3.542      3.526      3.420      3.409     -0.014      3.409     -0.014      1.000      0.000      1.000 32
     2.734      4.202      3.005      4.232      3.527      3.062      3.409     -0.014      3.409     -0.014      1.000      0.000      1.000 33
     3.118      4.246      3.522      4.202      4.246      4.232      3.409     -0.014      3.409     -0.014      1.000      0.000      1.000 34
     3.399      2.578      3.486      2.629      2.874      2.768      3.054      0.014      3.053      0.014      0.001      0.999      2.000 35
     4.261      2.485      2.538      2.783      2.789      4.246      3.054      0.014      3.053      0.014      0.001      0.999      2.000 36
     2.913      4.246      2.776      4.246      3.343      4.232      3.409     -0.014      3.409     -0.014      1.000      0.000      1.000 37
     2.781      2.742      3.285      2.700      2.163      2.481      3.054      0.014      3.053      0.014      0.001      0.999      2.000 38
     4.232      4.261      4.217      4.232      4.246      4.261      3.409     -0.014      3.409     -0.014      1.000      0.000      1.000 39
     2.115      3.285      1.571      0.912      2.192      3.526      3.054      0.014      3.053      0.014      0.002      0.998      2.000 40
     4.261      3.285      4.232      4.232      4.232      4.246      3.408     -0.014      3.409     -0.014      0.996      0.004      1.000 41
